1 80
1 97
1 101
1 108
1 108
1 97
1 32
1 100
1 101
1 32
1 77
1 97
1 114
1 105
1 115
1 99
1 111
1 32
1 105
1 115
1 32
1 97
1 32
1 115
1 117
1 109
1 109
1 101
1 114
1 32
1 102
1 97
1 118
1 111
1 114
1 105
1 116
1 101
1 32
1 105
1 110
1 32
1 83
1 112
1 97
0 6 3
1 102
1 111
1 114
1 32
1 103
1 111
1 111
1 100
1 32
1 114
1 101
1 97
1 115
1 111
1 110
1 32
1 45
1 32
1 112
0 66 4
1 97
0 55 4
1 116
1 104
1 101
1 32
1 112
1 101
1 114
1 102
1 101
1 99
1 116
1 32
1 98
1 97
1 115
1 101
0 45 4
1 32
1 119
1 104
1 97
1 116
1 101
1 118
1 101
1 114
1 39
0 32 3
1 97
1 110
1 116
1 97
1 108
1 105
1 122
1 105
1 110
1 103
1 108
1 121
1 32
1 102
1 114
1 101
1 115
1 104
0 6 3
1 111
1 109
0 57 4
1 32
1 115
1 101
1 97
1 46
1 32
1 87
1 104
1 105
1 108
1 101
1 32
1 110
1 111
1 116
1 32
1 99
1 111
1 110
1 115
1 105
1 100
1 101
1 114
1 101
1 100
0 30 4
1 32
1 109
1 111
1 115
1 116
1 32
1 116
1 114
1 97
1 100
1 105
1 116
1 105
1 111
1 110
1 97
1 108
1 32
1 111
1 102
0 121 4
0 121 3
1 115
1 44
1 32
1 105
1 116
0 93 3
1 111
1 110
1 101
0 21 4
1 111
1 117
1 114
1 32
1 97
1 98
1 115
1 111
1 108
1 117
0 182 3
0 191 4
0 191 4
1 115
0 167 3
1 98
1 111
1 116
0 110 3
0 145 3
0 79 4
0 254 3
1 110
1 110
0 135 3
1 32
1 112
0 133 3
1 101
0 150 3
0 86 4
1 32
1 97
1 110
0 109 4
1 101
0 269 3
1 108
1 105
1 99
1 105
1 111
1 117
0 91 3
1 99
1 111
1 97
1 115
0 180 3
1 32
1 102
1 108
0 75 4
1 46
1 32
1 73
1 102
1 32
1 121
1 111
1 117
1 32
1 104
1 97
1 118
1 101
0 47 3
1 32
1 111
1 112
1 112
1 111
1 114
0 76 3
1 105
1 116
1 121
1 32
1 116
1 111
0 46 3
1 111
1 107
0 32 4
1 114
0 156 4
0 277 4
1 111
1 117
1 116
0 198 4
1 32
1 111
0 257 3
0 342 3
1 119
0 313 4
1 102
1 105
1 114
1 101
1 44
1 32
1 100
0 361 3
1 116
1 33
1 32
1 84
1 104
0 312 3
1 119
1 105
1 108
1 108
1 32
1 103
1 105
0 83 3
0 60 4
0 60 4
0 60 4
0 138 4
1 115
1 109
1 111
1 107
0 381 3
1 116
1 32
1 110
1 101
1 101
1 100
1 115
0 191 4
0 23 4
0 225 4
0 225 4
1 101
1 32
1 98
1 101
0 279 4
1 101
1 120
1 116
1 117
1 114
0 144 4
0 93 3
0 168 4
1 114
1 46
1 10
1 10
1 83
1 84
1 69
1 80
1 32
1 49
1 10
1 72
1 101
1 97
0 396 3
1 114
0 252 4
0 445 3
1 97
1 32
1 108
1 97
1 114
1 103
0 421 3
1 111
1 116
1 46
1 32
1 83
1 116
1 105
1 114
0 21 4
1 115
1 97
1 102
0 389 3
1 110
1 46
1 32
1 80
0 43 3
1 102
1 105
0 404 3
0 73 4
1 115
1 104
1 114
1 105
1 109
1 112
1 32
1 100
1 114
1 121
0 159 3
0 62 3
1 112
1 97
0 474 3
0 228 3
1 119
1 101
1 108
1 115
0 60 3
1 112
1 114
1 105
1 110
1 107
0 427 3
0 28 4
0 66 3
1 108
1 116
0 53 4
1 32
1 108
1 101
1 116
1 32
1 115
0 174 3
1 49
1 48
1 32
1 109
1 105
1 110
0 161 3
0 43 3
1 85
0 520 3
1 97
0 448 3
1 114
1 116
1 97
0 259 3
0 37 3
1 112
0 180 3
0 58 3
0 303 3
1 109
1 97
0 109 3
1 112
1 97
1 114
1 115
1 108
1 101
1 121
1 44
1 32
1 103
1 97
1 114
0 375 3
1 44
0 225 3
1 121
1 109
0 205 4
1 100
1 32
1 49
1 47
1 56
1 32
1 116
1 115
1 112
0 96 4
1 116
0 170 3
0 50 3
1 97
0 47 3
1 115
1 116
1 101
1 59
0 449 3
0 189 4
1 110
0 151 4
1 114
1 105
1 107
0 570 3
1 65
1 100
1 100
1 32
1 119
0 618 3
0 22 3
1 102
0 302 3
1 99
1 101
1 115
1 115
1 97
0 188 3
0 52 3
0 309 3
1 109
0 57 4
0 57 4
1 46
1 10
1 32
0 282 4
1 80
1 32
1 50
0 282 4
1 116
1 32
1 54
1 32
1 116
1 98
0 97 3
0 568 4
1 105
1 108
0 80 4
1 49
1 53
1 34
0 384 4
0 384 4
1 112
0 480 4
0 440 4
1 109
1 101
1 100
1 105
1 117
1 109
1 32
1 104
1 105
1 103
1 104
1 32
1 104
0 54 4
0 156 4
1 113
1 117
1 105
1 99
1 107
0 710 3
0 348 3
1 119
1 110
0 405 4
0 315 4
1 104
1 32
1 49
1 45
1 50
0 251 4
0 251 4
1 46
1 32
1 68
1 111
0 715 4
1 32
1 102
1 117
1 108
0 41 3
0 540 4
1 46
1 32
1 82
1 101
1 109
0 84 3
0 151 4
1 119
1 97
0 151 3
1 112
1 108
1 97
1 116
0 180 3
0 191 4
0 850 4
1 109
0 866 3
0 662 4
1 50
0 151 4
0 151 4
0 151 4
1 44
0 731 3
0 670 3
1 44
1 32
1 115
1 99
1 97
1 108
1 108
0 10 3
0 928 3
0 129 3
1 98
0 165 3
0 332 3
1 112
0 407 4
0 79 3
0 181 4
0 181 4
0 181 3
0 30 4
0 110 4
1 32
1 117
1 110
1 116
0 214 3
0 156 4
1 118
1 101
1 103
1 101
1 116
1 97
1 98
1 108
0 778 3
1 97
0 554 3
1 115
1 108
0 204 3
1 116
0 149 3
1 115
1 111
1 102
1 116
1 101
1 110
1 101
1 100
0 153 3
1 97
1 105
0 425 3
0 223 4
1 44
1 32
1 97
0 141 3
1 116
1 111
1 109
1 97
0 369 4
0 76 4
0 76 4
0 76 4
0 290 3
0 589 3
1 101
1 99
1 111
1 109
0 72 3
1 115
1 97
1 117
1 99
1 101
1 45
1 108
1 105
1 107
0 717 3
0 176 3
1 111
1 32
1 53
0 249 4
0 249 4
0 586 3
0 711 4
0 334 3
0 123 4
1 104
0 258 3
0 641 4
0 599 4
0 182 3
0 568 3
1 103
0 46 4
1 97
0 913 3
1 105
1 108
0 586 4
0 586 4
0 528 4
0 44 3
1 114
1 105
1 99
1 101
1 32
0 1069 3
1 110
0 155 3
1 97
1 99
1 114
1 111
1 115
0 1108 4
0 687 3
1 97
0 670 3
1 66
0 418 4
0 769 4
1 51
0 104 4
0 104 4
0 274 3
0 518 3
0 81 4
0 57 4
0 563 4
0 324 3
1 111
0 972 4
0 985 4
0 446 4
1 99
1 99
1 97
1 115
0 1071 4
0 384 3
0 355 4
1 100
1 32
0 10 3
0 359 3
1 115
1 101
1 114
1 118
0 1112 3
0 433 4
1 32
1 40
1 98
1 117
0 862 3
0 164 3
0 753 4
1 109
1 112
1 41
0 792 4
0 603 4
0 603 4
0 665 4
1 121
0 569 4
0 569 3
1 32
1 84
0 7 4
0 129 4
0 655 4
0 831 3
0 477 4
0 55 4
0 46 4
1 97
0 326 3
0 922 4
0 972 3
1 112
1 111
0 681 3
1 46
1 32
1 76
0 809 3
0 18 4
0 339 4
0 339 4
0 1231 3
0 151 3
1 117
0 506 4
0 802 3
0 1372 4
0 338 4
0 210 3
0 186 4
0 1340 4
1 110
1 111
1 32
1 108
1 111
1 110
1 103
0 24 3
1 115
1 111
1 117
1 112
0 600 3
0 151 3
1 101
1 110
1 111
1 117
0 628 3
1 108
1 105
0 621 3
0 543 4
0 543 4
0 274 3
0 1128 4
0 78 4
0 78 3
0 411 4
0 238 4
0 105 4
0 74 4
1 32
1 40
1 97
1 98
0 1140 3
0 897 4
0 293 3
1 46
0 206 3
0 246 4
0 1056 3
1 114
0 1019 3
0 71 4
1 100
0 799 4
0 799 4
0 799 4
1 121
0 783 4
0 783 4
1 32
1 51
1 10
1 65
1 114
1 114
1 97
0 127 3
0 263 4
0 263 3
0 177 3
1 108
1 97
1 109
0 617 4
1 100
1 32
1 109
1 117
1 115
1 115
0 1013 3
0 780 4
1 114
0 101 4
0 496 3
0 695 3
1 99
0 119 4
1 101
1 100
1 103
0 522 3
0 679 3
0 36 4
1 101
1 108
0 47 4
0 57 4
1 109
0 70 3
0 654 3
0 548 3
1 111
0 154 4
1 121
0 1319 3
1 101
0 1594 3
0 52 4
1 103
1 32
1 117
1 112
1 46
1 32
1 67
0 183 3
1 44
0 257 3
1 99
0 84 4
1 101
1 100
1 44
0 343 4
0 891 3
1 45
1 50
0 183 4
0 476 4
1 115
0 286 4
0 286 4
0 212 4
0 1681 4
1 108
0 1537 4
0 1333 3
1 110
0 394 3
0 836 4
0 836 3
0 482 4
0 1598 4
0 99 4
0 358 4
0 920 4
0 685 4
0 167 4
0 1175 4
0 85 3
0 609 4
1 76
0 1172 4
0 1172 4
0 92 4
0 92 4
0 672 3
1 71
1 97
1 114
1 110
0 509 4
0 39 4
0 1205 3
1 109
0 1532 3
1 119
0 204 4
0 241 4
0 1275 3
0 543 4
0 28 4
0 1694 4
0 1700 4
0 1716 3
1 111
1 108
1 105
1 46
